624324526
624323614
698160264
698169502
579734211
605694158
619150963
617584231
700699738
700701323
629690220
619157441
721702882
129211623
701399759
617272495
2015667
701094914
49117980
2013076
629632926
579734211
703901120
721703242
721788073
628557802
703915342
721787298
359129617
721973964
54021578
359130264
359150446
721999844
683791315
704015713
721999677
359129697
359130182
359150576
704023086
385507193
385430202
624321081
49150674
624321939
721972022
721981883
49411912
620675332
679521074
679520870
679522136
679521599
721638926
679525257
679525934
679524475
106279109
559737552
620757662
620686853
620688409
610443701
679523041
620687109
679522520
610430300
457708719
620689361
679526196
610445419
620687779
620689204
721650274
701088686

106811204
620686877

620675871
620679480
52331268
620687663
679523690
52336946
370959
679525825
679520722




678434372
745537815
700410150
380286640
606495027
49358885
678440243
701384924
688994317
700410528
106247294
529769561
698520648
360566
363824319
2028274
2027860
81863353
606497793
701090649
621336787
487010073



487011750
610445666
627385412
15463258
74679231
610438116
487016341
487014763





679523660
617189629
698513686
47306234
